4
279
371
386
 11
167
445
369
 80
 28
456
 65
306
292
483
210
276
 74
500
477
234
  8
435
215
257
174
208
458
262
 46
 38
198
383
180
298
301
120
291
 78
424
105
471
284
324
459
  5
237
346
 54
 91
  4
 93
443
327
146
326
156
  1
224
494
 41
333
417
 18
330
363
159
495
421
176
288
419
351
448
118
 45
236
109
444
439
472
131
169
 58
129
309
398
372
 92
265
227
248
204
243
231
258
188
275
338
290
465
272
415
 71
154
450
179
320
232
285
189
451
173
226
196
142
422
 14
241
350
286
413
148
 10
332
457
  7
242
296
452
389
112
418
 27
388
163
396
104
 31
259
337
130
479
141
172
488
267
349
382
342
233
 52
203
287
366
124
 47
407
414
498
  6
449
240
 51
461
489
 35
 60
 88
161
409
391
341
 99
209
155
 97
431
195
 84
405
160
221
244
270
482
277
411
317
183
283
 16
213
 70
212
 15
 56
325
 21
476
 90
402
368
376
186
 55
370
364
437
165
249
352
 72
289
106
365
274
187
171
468
385
119
256
199
313
 86
293
339
166
225
344
255
264
 22
 89
123
410
107
 98
 36
223